Senator in Congress
Blanks
Elizabeth A. Warren
Geoff Diehl
Shiva Ayyadurai
Write-Ins 
Official Results November 6, 2018 State Election
PRECINCTS
1  2  3  4  5  6  7  8  9  10  11  12  13  14  15  16  17  18  Total
15  38  20  35  27  30  27  21  17  12  26  5  10  8  10  5  1  10  317
1253 1527 1133 1333 1171 1189 1124 1168 820 641 1311 648 819 541 660 311 375 544 16568
645 699 448 595 581 585 482 433 306 190 629 245 286 153 190  93  40  182 6782
45  68  46  50  67  64  49  38  36  18  70  21  35  15  19  10  8  30  689
5  2  2  2  1  4  3  2  4  0  1  1  1  2  1  1  2  0  34
Governor and Lt. Governor
Blanks  49  40  33  40  35  33  29  35  28  13  48  25  28  11  23  9  8  16  503
Baker and Polito  1297 1576 1067 1307 1218 1291 1089 1013 689 471 1362 516 655 393 492 209 152 417 15214
Gonzalez and Palfrey 607 710 545 666 593 544 563 613 462 376 624 374 465 313 363 200 264 331 8613
Write-Ins  10  8  4  2  1  4  4  1  4  1  3  5  3  2  2  2  2  2  60
Attorney General
Blanks
Maura Healey
James R. McMahon, III
Write-Ins 
33  45  34  40  37  43  24  21  21  16  33  15  18  11  16  4  10  11  432
1424 1746 1297 1509 1360 1383 1284 1297 903 694 1505 699 893 569 690 325 378 597 18553
505 541 316 466 449 445 376 342 258 150 497 206 239 138 172  91  37  157 5385
1  2  2  0  1  1  1  2  1  1  2  0  1  1  2  0  1  1  20
Secretary of State
Blanks
William Francis Galvin
Anthony M. Amore
Juan G. Sanchez, Jr.
Write-Ins 
68  78  49  76  52  65  52  35  27  26  58  17  28  13  21  2  7  12  686
1441 1754 1298 1489 1335 1400 1284 1266 912 666 1500 699 873 562 702 330 363 591 18465
405 442 249 398 406 357 301 305 210 137 420 177 194 111 127  71  36  133 4479
49  59  52  52  53  47  46  54  33  31  58  26  55  32  29  17  20  30  743
0  1  1  0  1  3  2  2  1  1  1  1  1  1  1  0  0  0  17
Treasurer
Blanks
Deborah B. Goldberg
Keiko M. Orrall
Jamie M. Guerin
Write-Ins 
92  112  72  93  84  85  70  54  35  31  89  32  41  25  30  5  8  22  980
1346 1658 1241 1425 1282 1325 1215 1216 886 663 1417 660 837 538 680 320 373 572 17654
471 503 293 439 441 413 354 338 229 140 481 198 215 134 140  82  35  148 5054
52  60  42  57  38  47  44  50  31  26  48  29  57  21  29  13  10  24  678
2  1  1  1  2  2  2  4  2  1  2  1  1  1  1  0  0  0  24
Auditor
Blanks
Suzanne M. Bump
Helen Brady
Daniel Fishman
Edward J. Stamas
Write-Ins 
111 137  86  115  91  103  81  72  50  42  104  44  45  31  34  6  10  23  1185
1218 1473 1113 1254 1135 1163 1117 1125 800 615 1279 613 762 489 625 304 366 543 15994
522 595 361 504 507 499 377 358 254 158 532 208 253 147 163  87  36  160 5721
82  92  63  100  75  68  77  69  50  29  82  33  57  32  28  14  6  24  981
27  36  25  39  38  38  31  32  28  16  39  20  33  20  28  9  8  16  483
3  1  1  3  1  1  2  6  1  1  1  2  1  0  2  0  0  0  26
Page 2
Official Results November 6, 2018 State Election
PRECINCTS
1  2  3  4  5  6  7  8  9  10  11  12  13  14  15  16  17  18  Total
Rep. in Congress
Blanks
Katherine M. Clark
John Hugo
Write-Ins 
71  75  48  77  70  81  55  49  34  27  88  33  27  20  24  5  10  17  811
1346 1654 1236 1421 1280 1293 1217 1241 892 663 1410 671 875 554 692 332 374 590 17741
540 603 363 516 496 494 411 368 257 171 536 215 248 144 162  82  41  159 5806
6  2  2  1  1  4  2  4  0  0  3  1  1  1  2  1  1  0  32
Councillor
Blanks
Robert L. Jubinville
Write-Ins 
487 532 337 522 453 425 393 334 247  27  521 195 223 122 137  53  38  128 5174
1455 1767 1295 1468 1370 1414 1272 1302 921 663 1492 704 902 582 727 361 386 625 18706
21  35  17  25  24  33  20  26  15  171  24  21  26  15  16  6  2  13  510
State Senator
Blanks
Karen E. Spilka
Write-Ins 
404 466 270 409 390 368 317 268 210 110 417 168 194 104 119  54  29  113 4410
1536 1839 1358 1580 1427 1470 1350 1372 954 741 1593 732 934 597 750 359 394 642 19628
23  29  21  26  30  34  18  22  19  10  27  20  23  18  11  7  3  11  352
State Representative - 6th Middlesex
Blanks  449 488
Maria D. Robinson 1488 1805
Write-Ins  26  41 
410
1579
26 
431
1381
35 
401
1437
34 
347
1316
22 
230 110 460 185
928 741 1552 717
25  10  25  18 
139
726
15 
3650
13670
277
State Representative - 7th Middlesex
Blanks
Jack Patrick Lewis
Write-Ins 
286
1354
22 
212 112
918 595
21  12 
54  32  125 821
362 391 632 4252
4  3  9  71
State Representative - 13th Middlesex
Blanks
Carmine Lawrence Gentile
Write-Ins 
320
1311
18 
320
1311
18
District Attorney
Blanks
Marian T. Ryan
Write-Ins 
476 508 316 517 444 417 369 307 239 138 481 195 215 124 137  63  34  130 5110
1469 1794 1316 1472 1380 1427 1297 1332 923 717 1534 711 910 582 728 352 389 626 18959
18  32  17  26  23  28  19  23  21  6  22  14  26  13  15  5  3  10  321
Page 3
Official Results November 6, 2018 State Election
PRECINCTS
1  2  3  4  5  6  7  8  9  10  11  12  13  14  15  16  17  18  Total
Clerk of Courts
Blanks
Michael A. Sullivan
Write-Ins 
477 526 325 526 457 434 377 304 242 140 505 193 219 121 133  59  34  124 5196
1471 1780 1306 1465 1371 1414 1292 1339 921 715 1513 713 910 582 733 357 389 634 18905
15  28  18  24  19  24  16  19  20  6  19  14  22  16  14  4  3  8  289
Register of Deeds
Blanks
Maria C. Curtatone
Write-Ins 
483 540 334 531 457 441 380 309 249 145 514 195 223 130 152  59  37  131 5310
1460 1766 1297 1459 1370 1403 1284 1334 914 710 1501 708 902 578 715 358 387 625 18771
20  28  18  25  20  28  21  19  20  6  22  17  26  11  13  3  2  10  309
Question 1: Nurses:Patients
Blanks  97  75  66  55  55  41  49  90  67  34  62  31  68  47  57  30  48  59  1031
Yes  499 627 490 555 467 497 500 492 333 290 471 300 359 237 241 112 136 235 6841
No  1367 1632 1093 1405 1325 1334 1136 1080 783 537 1504 589 724 435 582 278 242 472 16518
Question 2: Constitutional Rights for Corporations
Blanks  62  72  71  62  55  56  33  47  47  41  77  25  38  26  41  21  26  52  852
Yes  1415 1727 1203 1516 1354 1371 1240 1158 856 651 1474 697 873 519 610 271 256 499 17690
No  486 535 375 437 438 445 412 457 280 169 486 198 240 174 229 128 144 215 5848
Question 3: Gender Identity 
Blanks  45  63  47  27  30  37  25  33  29  30  47  19  30  20  36  18  23  47  606
Yes  1387 1734 1203 1517 1342 1355 1225 1209 825 646 1482 652 862 480 608 239 259 460 17485
No  531 537 399 471 475 480 435 420 329 185 508 249 259 219 236 163 144 259 6299
Total Turnout
Total Registered
Percentage 
1963
2965
66% 
2334
3395
69% 
1649
2600
63% 
2015
2855
71% 
1847
2834
65% 
1872
2814
67% 
1685
2653
64% 
1662
2700
62% 
1183
2145
55% 
861
1924
45% 
2037
3004
68% 
920
1615
57% 
1151
2094
55% 
719
1714
42% 
880
1795
49% 
420
1186
35% 
426
1472
29% 
766 24390
1735 41500
44% 58.77%
A True Copy Attest: Lisa A. Ferguson, City Clerk
Winners indicated in bold italics
