Presidential Primary Official Results - March 3, 2020
Candidate 1  2  3  4  5  6  7  8  9  10  11  12  13  14  15  16  17  18  Total
Democratic
Presidential Preference
Blanks
Deval Patrick
Amy Klobuchar
Elizabeth Warren
Michael Bennet
Michael R. Bloomberg
Tulsi Gabbard
Cory Booker
Julian Castro
Tom Steyer
Bernie Sanders
Joseph R. Biden
John K. Delaney
Andrew Yang
Pete Buttigieg
Marianne Williamson
No Preference
Write-Ins 
510012211242305110
543123351232226143
16  31  10  9  19  8  13  16  5  8  15  0  7  4  9  1  0  1
261 310 252 321 211 240 268 258 161 101 275 134 184 113 104 47  23  80
110010020100010102
218 153 80 198 148 155 143 100 73  60 164 46  59  39  50  21  24  38
7  7  3  5  6  10  11  4  2  3  3  3  6  2  5  0  0  3
000001000000120000
000000000020000000
374748315322238001
174 307 221 223 235 245 218 212 168 156 207 153 190 154 148 62  93 146
417 523 377 444 445 396 377 354 231 151 460 152 207 101 172 60  43 111
010001000100002020
011050221121301005
26  44  30  28  36  35  28  21  18  17  35  14  10  8  11  4  4  3
000200200010000100
333451414135306201
100111000001200011
State Committee Man
Blanks
Jack Patrick Lewis
Write-Ins 
345 392 279 417 347 305 291 201 153 148 328 141 141 101 125 61  70  96
784 992 701 818 769 791 776 772 512 355 840 371 532 325 396 139 125 295
8  9  4  8  3  10  7  4  5  4  8  3  6  3  6  1  0  4
State Committee Woman
Blanks
Karen E. Spilka
Write-Ins 
223 287 195 280 242 208 215 184 118 109 236 111 122 80  88  61  59  78
912 1099 786 960 873 890 854 788 548 393 928 400 555 346 432 140 135 314
2  7  3  3  4  8  5  5  4  5  12  4  2  3  7  0  1  3
Town Committee
Group
Blanks
Beverly K. Hugo
Adam Lawrence Freudberg
Rosamond Lang Hooper-
Hamersley
Barbara J. Fontes
Larry E. Stoodt
Jack Patrick Lewis
Maria D. Robinson
Lori B. Bornstein
Craig Christopher Broyles
Jeanne I. Bullock
Robert D. Case
Carmen A. Chico
John P. Duffy
Mary Kate Feeney
Kurt W. Fusaris
Jim Wade Hansen
Gwendolyn Holbrow
Michael R. Hugo 
460
22018
578
494 
561
26793
755
622 
368
20005
459
402 
444
25652
574
514 
417
22507
548
480 
466
20675
563
528 
427
20823
504
476 
350
20211
440
388 
276
12901
333
307
486 587 389 464 435 488 457 372 286
491 636 413 484 490 517 468 384 294
503 598 386 517 440 497 474 378 284
534 644 443 556 499 548 525 533 328
570 713 441 574 533 579 563 433 327
513 628 412 534 486 507 496 419 309
472 580 372 458 427 478 445 358 280
497 639 430 487 497 507 465 387 290
486 600 398 476 436 503 465 534 291
495 603 399 487 461 496 461 377 288
483 595 389 480 437 496 458 376 296
532 639 407 559 486 524 498 398 304
476 604 389 464 468 491 448 364 278
482 588 387 464 435 487 448 368 282
489 610 383 473 453 490 455 379 285
516 653 421 516 488 511 473 389 305 
208
9727
243
224 
477
22557
579
526 
214
9782
244
234 
258
13370
322
295
228 499 220 275
227 523 230 290
225 506 225 278
231 579 257 377
252 596 267 318
246 576 237 293
215 486 218 272
230 519 225 287
219 505 256 286
232 515 233 298
225 508 228 284
231 550 238 314
214 489 220 277
213 495 220 276
227 537 225 289
217 528 227 287 
171
8419
195
181
180
186
176
219
194
182
176
185
179
190
186
186
176
177
182
183 
226
9526
274
254 
66
4524
76
70
243 68
260 78
242 68
264 87
277 76
253 69
237 66
251 71
250 70
257 75
248 70
272 71
235 67
252 70
253 66
247 69 
57
4511
66
65
59
74
61
84
73
62
60
65
62
78
67
66
59
59
61
64 
147
7983
179
160
158
170
166
220
177
166
158
156
162
171
167
168
157
173
160
165 
31
52
172
3343
10
1769
80
4
2
63
3312
5021
7
25
372
6
49
9
3941
10293
93
2896
11353
78
5593
281984
6932
6220
5894
6215
6024
6928
6963
6388
5758
6188
6178
6116
5993
6443
5876
5876
6017
6259
Page 2
Presidential Primary Official Results - March 3, 2020
Candidate
Shahid Ahmed Khan
Douglas W. Lawrence
Barbara W. LeDuc
Caraline R. Levy
David P. Magnani
Thomas F. Mahoney
Kathleen T. McCarthy
Amanda C. Northrop
Joan Rastani
Cindy L. Rubin
Adam C. Steiner
Cesar Geovanny Stewart-
Morales
James H. Stockless
Margareth Basilio Shepard
Cheryl Tully Stoll
Parwez Wahid
Melvin S. Warshaw
Farooq Mohammed Karim-
Mirza
Voter Democrat Turnout
Total Registered Voters
Percent Turnout 
1  2  3  4  5  6  7  8  9  10  11  12  13  14  15  16  17  18
491 598 397 485 456 491 458 377 286 219 527 234 290 185 247 68  60 163
473 585 372 465 432 483 453 364 279 220 498 219 272 180 242 68  61 153
485 613 395 466 452 498 466 380 288 222 509 236 311 188 253 75  64 165
506 621 400 518 476 496 474 392 297 234 535 249 287 182 245 72  63 162
520 648 421 517 498 536 488 406 304 226 610 246 313 193 271 79  64 171
487 595 400 473 444 504 460 413 299 217 504 224 281 186 252 72  61 159
507 620 414 493 464 503 487 397 295 243 540 235 305 192 254 72  72 165
485 601 394 492 446 484 460 381 283 220 509 225 281 180 243 69  63 155
493 611 413 471 462 500 460 379 287 221 532 229 281 183 244 73  63 161
509 621 406 506 474 503 472 391 304 260 542 229 287 182 247 72  62 160
546 660 421 623 520 532 559 403 308 227 547 243 301 183 246 71  61 164
502 620 500 494 534 506 474 392 291 228 516 238 299 185 253 73  75 178
487 612 405 497 469 518 460 387 303 214 506 230 286 181 238 68  57 165
492 611 405 484 468 501 468 400 293 227 517 236 333 216 268 78  66 173
588 715 448 650 556 586 531 433 343 246 612 260 355 196 272 72  67 175
489 590 390 496 440 487 462 367 283 221 514 225 284 183 245 68  62 163
487 601 389 487 445 487 479 379 282 219 500 225 276 179 239 68  61 159
28  76  40  50  53  35  42  31  17  20  34  21  35  19  21  6  12  18
1137
2858
40% 
1393
3400
41% 
984
2511
39% 
1243
2795
44% 
1119
2754
41% 
1106
2756
40% 
1074
2598
41% 
977
2567
38% 
670
2047
33% 
507
1744
29% 
1176
2908
40% 
515
1506
34% 
679
1952
35% 
429
1577
27% 
527
1651
32% 
201
1080
19% 
195
1307
15% 
395
1583
25% 
Total
6032
5819
6066
6209
6511
6031
6258
5971
6063
6227
6615
6358
6083
6236
7105
5969
5962
558
14327
39594
36%
Republican
Presidential Preference
Blanks  320112110120222000
William F. Weld  25  29  22  23  23  21  18  14  6  3  32  5  6  2  13  2  2  3
Joe Walsh  022012523210501012
Donald J. Trump  140 150 97 136 145 135 110 101 93  38 151 50  64  40  39  30  14  55
Roque "Rocky" De La Fuente 010000100010000001
No Preference  131136130442003022
Write-Ins  410234210022101000
State Committee Man
Blanks
Martin A. Lamb
Write-Ins 
48  57  42  58  72  58  39  39  31  14  48  13  23  12  20  10  8  14
124 130 79 105 103 111 97  82  71  32 144 46  52  32  39  22  11  48
111011210210300001
State Committee Woman
Blanks
Janet Leombruno
Leda Arakelian
Write-Ins 
12  21  13  15  16  17  14  11  12  8  13  5  9  6  7  4  3  3
130 126 82 102 117 111 95  64  52  30 126 37  47  27  33  16  12  38
30  40  26  46  43  41  29  47  38  10  54  17  21  11  18  12  4  22
111001000000101000 
20
249
29
1588
4
36
23
606
1328
15
189
1245
509
6
Page 3
Presidential Primary Official Results - March 3, 2020
Candidate
Town Committee
Group
Blanks
Edward Bergin McGrath
Mary Z. Connaughton
William A. Osborn
Bruce C. Wester
Judith A. Wester
Sheryl L. Goldstein
Janet Leombruno
Jacques A. Prindiville
Eng Hway Cho
Constance Barnes
Douglas B. Freeman
John P. McKenna
Robert Snider
Write-Ins 
1  2  3  4  5  6  7  8  9  10  11  12  13  14  15  16
55
5170
76
74
64
64
66
68
123
63
58
61
66
81
18
3 
75
5490
95
95
85
82
80
88
121
79
80
81
88
93
22
1 
38
3674
52
55
45
42
45
46
70
41
45
42
43
44
22
4 
48
4894
68
73
57
62
64
65
92
56
58
58
63
66
28
1 
51
5311
84
77
62
57
59
65
117
58
56
60
65
68
19
2 
55
5081
71
70
82
65
65
65
104
61
61
64
63
74
24
0 
40
4138
55
65
50
53
55
50
84
51
52
49
53
54
18
3 
37
3685
49
51
49
45
44
45
68
43
41
41
45
49
15
0 
31
3078
46
43
38
36
36
38
59
37
32
32
40
37
16
2 
18
1378
24
26
21
21
24
26
28
29
21
23
24
23
9
3 
69
5634
96
98
81
81
81
81
134
83
85
79
88
82
34
6 
27
1652
33
35
31
33
33
30
45
32
35
32
32
35
4
3 
21
2356
30
36
30
26
26
28
48
30
24
24
27
28
16
1 
17
1284
21
20
21
18
18
18
25
20
20
18
19
20
4
2 
13
1837
26
22
17
15
1714
31
16
14
14
17
19
5
1 
6
1009
12
8
10
6
8
7
14
7
7
7
7
9
9
0 
17  18
1  13
639 1956
2  25
1  22
4  17
1  19
1  16
2  14
6  38
1  17
2  15
1  18
1  18
1  25
3  5
0  0
Voter Republican Turnout
Total Registered Voters
Percent Turnout 
173
2858
6% 
188
3400
6% 
122
2511
5% 
163
2795
6% 
176
2754
6% 
170
2756
6% 
138
2598
5% 
122
2567
5% 
102
2047
5% 
48
1744
3% 
193
2908
7% 
59
1506
4% 
78
1952
4% 
44
1577
3% 
59
1651
4% 
32
1080
3% 
19
1307
1% 
63
1583
4%
Green Rainbow
Presidential Preference
Blanks
Dario Hunter
Sedinam Kinamo Christin
Moyowasifza-Curry
Kent Mesplay
Howard Hawkins
No Preference
Write-Ins 
000000000000000000
010000000000001000
000000000000000000
000001000000000000
000000000010000000
000000100000000000
022000000001010000
State Committee Man
Blanks
Write -Ins 
022001100010010000
010000000001001000
State Committee Woman
Blanks
Write-Ins 
022001100010010000
010000000001001000
Town Committee
Blanks
Write-Ins 
0  30  20  0  0  10  10  0  0  0  10  9  0  10  10  0  0  0
000000000001000000
Voter Green Rainbow Turnout
Total Registered Voters
Percent Turnout 
0
2858
0% 
3
3400
0% 
2
2511
0% 
0
2795
0% 
0
2754
0% 
1
2756
0% 
1
2598
0% 
0
2567
0% 
0
2047
0% 
0
1744
0% 
1
2908
0% 
1
1506
0% 
0
1952
0% 
1
1577
0% 
1
1651
0% 
0
1080
0% 
0
1307
0% 
0
1583
0% 
Total
615
58266
865
871
764
726
738
750
1207
724
706
704
759
808
271
32
1949
39594
5%
0
2
0
1
1
1
6
8
3
8
3
109
1
11
39594
0%
Page 4
Presidential Primary Official Results - March 3, 2020
Candidate 1  2  3  4  5  6  7  8  9  10  11  12  13  14  15  16  17  18
Libertarian
Presidential Preference
Blanks  000000000000001000
Arvin Vohra  000010000000000000
Vermin Love Supreme 000001000000000000
Jacob George Hornberger 010000110020100000
Samuel Joseph Robb  000000000000000000
Dan Taxation is Theft Behrman 0  0  1  0  0  0  0  0  0  0  0  0  0  1  0  0  0  0
Kimberly Margaret Ruff  000001000000000100
Kenneth Reed Armstrong 000000100000000000
Adam Kokesh  110000000000000001
Jo Jorgensen  000000000000000000
Max Abramson  000000001000000000
No Preference  100002120002100101
Write-Ins  000330010102011200
State Committee Man
Blanks
Write -Ins 
220344341013222401
001000000111000001
State Committee Woman
Blanks
Write-Ins 
221344341113222401
000000000011000001
Town Committee
Blanks
Write-Ins 
20  20
0  0 
9  30  40  40  29  40  10
1000100 
6  20  40  20  20  20  39
4000001 
0  20
0  0
Voter Libertarian Turnout
Total Registered Voters
Percent Turnout 
221344341124222402
2858 3400 2511 2795 2754 2756 2598 2567 2047 1744 2908 1506 1952 1577 1651 1080 1307 1583
0% 0% 0% 0% 0% 0% 0% 0% 0% 0% 0% 0% 0% 0% 0% 0% 0% 0%
Democrat Turnout
Republican Turnout
Green-Rainbow Turnout
Libertarian Turnout
Total Turnout
Total Registered
Percentage 
1137
173
0
2
1312
2858
46% 
1393
188
3
2
1586
3400
47% 
984
122
2
1
1109
2511
44% 
1243
163
0
3
1409
2795
50% 
1119
176
0
4
1299
2754
47% 
1106
170
1
4
1281
2756
46% 
1074
138
1
3
1216
2598
47% 
977
122
0
4
1103
2567
43% 
670
102
0
1
773
2047
38% 
507
48
0
1
556
1744
32% 
1176
193
1
2
1372
2908
47% 
515
59
1
4
579
1506
38% 
679
78
0
2
759
1952
39% 
429
44
1
2
476
1577
30% 
527
59
1
2
589
1651
36% 
201
32
0
4
237
1080
22% 
195
19
0
0
214
1307
16% 
395
63
0
2
460
1583
29%
Winners are indicated in bold italics
A True Copy Attest: Lisa A. Ferguson City Clerk 
Total
1
1
1
6
0
2
2
1
3
0
1
11
14
38
5
40
3
423
7
43
39594
0%
14327
1949
11
43
16330
39594
41%
