State Primary Official Results - September 1, 2020
Candidate
Democratic
Senator in Congress
Blanks
Edward Markey
Joseph P. Kennedy III
Write-ins
Rep. in Congress
Blanks
Katherine M. Clark
Write-ins
Councilor
Blanks
Robert L. Jubinville
Write-ins
Senator in General Court
Blanks
Karen E. Spilka
Write-ins
Rep. in General Court
Blanks
Maria Duaime Robinson
Jack Patrick Lewis
Carmine Lawrence Gentile
Write-ins
Register of Probate
Blanks
Tara E. DeCristofaro
Write-ins
Total Democrat Turnout
Total Registered Voters
Percent Turnout 
1  2  3  4  5  6  7  8  9  10  11  12  13  14  15  16  17  18  Total
311313253022832512
745 898 598 786 656 593 703 598 328 319 773 267 405 221 265 103 80 204
464 473 389 436 429 499 360 379 300 210 432 222 237 203 235 123 105 172
120000310010010011 
47
8542
5668
11
181 158 133 186 161 132 144 103 84  82 164 68  73  47  54  34  23  33
1027 1212 851 1033 920 962 923 876 541 444 1037 420 573 379 444 196 163 342
544651146373424114 
1860
12343
65
302 256 213 285 235 200 234 186 120 119 250 93 122 80  95  41  31  48
909 1115 768 937 848 892 831 793 506 409 951 395 525 346 402 186 154 328
237333345173325423 
2910
11295
63
170 153 120 165 142 133 148 98  76  71 149 62  68  47  55  34  26  32
1038 1219 864 1053 939 959 920 880 548 458 1051 426 577 380 444 197 159 345
524753057083513022 
1749
12457
62
250 201 200 224 193 150 176 126 101 97 204 75  83  56  76  40  34  54
957 1171  995 888 942 891  527 432 996 414  424
852  563 371  189 150 323
777
6  2  11  6  5  3  1  5  3  0  8  2  4  1  2  2  3  2 
2340
8637
2448
777
66
298 253 206 291 242 200 231 181 125 116 255 90 124 77  91  39  32  47
908 1119 776 931 841 894 837 798 502 411 947 398 523 350 408 189 153 329
726331044263313323
1213
2953
41% 
1374
3480
39% 
988
2562
39% 
1225
2838
43% 
1086
2811
39% 
1095
2779
39% 
1068
2657
40% 
983
2628
37% 
631
2076
30% 
529
1792
30% 
1208
2960
41% 
491
1529
32% 
650
2011
32% 
428
1673
26% 
502
1689
30% 
231
1076
21% 
187
1349
14% 
379
1642
23% 
2898
11314
56
14268
40505
35%
Page 2
Candidate
Republican
Senator in Congress
Blanks
Kevin J. O'Connor
Shiva Ayyadurai
Write-ins
Rep. in Congress
Blanks
Caroline Colarusso
Write-ins
Councilor
Blanks
Write-ins
Senator in General Court
Blanks
Write-ins
Rep. in General Court
Blanks
Ingrid I. Centurion
Write-ins
Register of Probate
Blanks
Write-ins
Total Republican Turnout
Total Registered Voters
Percent Turnout 
State Primary Official Results - September 1, 2020
1  2  3  4  5  6  7  8  9  10  11  12  13  14  15  16  17  18  Total
2511110111311011
77 111 67  75  93  98  78  79  58  32  99  18  43  19  32  11
62  79  40  62  61  56  64  42  33  25  82  33  20  21  17  9
1130200100002101 
2  1
5  34
3  24
0  1 
24
1029
733
13
21  38  20  19  38  25  29  17  16  2  30  7  8  3  4  5
119 155 89 118 118 127 111 98  75  56 153 45  57  36  46  16
2321132810101201 
4  14
6  45
0  1 
300
1470
29
125 176 98 123 137 137 121 109 82  45 160 43  61  36  43  15
17  20  13  15  20  18  21  14  10  13  24  9  5  5  7  7 
8  52
2  8 
1571
228
121 179 93 124 141 138 121 109 82  46 162 42  56  33  42  17
21  17  18  14  16  17  21  14  10  12  22  10  10  8  8  5 
9  45
1  15 
1560
239
123 179 17 126 141 138 123 110 84  47 164 41  56  35  43  18
92
19  17  2  12  16  17  19  13  8  11  20  11  10  6  7  4 
9  46
1  14 
1500
92
207
125 181 101 127 143 139 123 110 84  46 162 42  59  35  46  17
17  15  10  11  14  16  19  13  8  12  22  10  7  6  4  5 
9  51
1  9
142
2953
5% 
196
3480
6% 
111
2562
4% 
138
2838
5% 
157
2811
6% 
155
2779
6% 
142
2657
5% 
123
2628
5% 
92
2076
4% 
58
1792
3% 
184
2960
6% 
52
1529
3% 
66
2011
3% 
41
1673
2% 
50
1689
3% 
22
1076
2% 
10
1349
1% 
60
1642
4% 
1600
199
1799
40505
4.44%
Page 3
State Primary Official Results - September 1, 2020
Candidate
Green Rainbow
Senator in Congress
Blanks
Write-ins 
1  2  3  4  5  6  7  8  9  10  11  12  13  14  15  16  17  18
000010000010001000
102002012012101110
Rep. in Congress
Blanks
Write-ins 
002011000012002110
100001012010100000
Councilor
Blanks
Write-ins 
002011011012102110
100001001010000000
Senator in General Court
Blanks
Write-ins 
002011011012002110
100001001010100000
Rep. in General Court
Blanks
Write-ins 
001011011012101110
101001001010001000
Register of Probate
Blanks
Write-ins 
002011011022102110
100001001000000000
Total Green Rainbow Turnout
Total Registered Voters
Percent Turnout 
102012012022102110
2953 3480 2562 2838 2811 2779 2657 2628 2076 1792 2960 1529 2011 1673 1689 1076 1349 1642
0.03% 0.00% 0.08% 0.00% 0.04% 0.07% 0.00% 0.04% 0.10% 0.00% 0.07% 0.13% 0.05% 0.00% 0.12% 0.09% 0.07% 0.00% 
Total
3
15
11
7
14
4
13
5
12
6
15
3
18
40505
0.04%
Page 4
Candidate
Libertarian
Senator in Congress
Blanks
Write-ins
Rep. in Congress
Blanks
Write-ins
Councilor
Blanks
Write-ins
Senator in General Court
Blanks
Write-ins
Rep. in General Court
Blanks
Write-ins
Register of Probate
Blanks
Write-ins 
State Primary Official Results - September 1, 2020
1  2  3  4  5  6  7  8  9  10  11  12  13  14  15  16  17  18  Total
010111001100000110
435415256042320300 
8
49
234311034111100010
211215223031220400 
26
31
244321054111310210
201205203031010200 
35
22
244221034111210110
201305223031110300 
30
27
244321035111210110
201205222031110300 
32
25
344321055111100210
101205202031220200 
34
23
Total Libertarian Turnout
Total Registered Voters
Percent Turnout 
445526257142320410
2953 3480 2562 2838 2811 2779 2657 2628 2076 1792 2960 1529 2011 1673 1689 1076 1349 1642
0.14% 0.11% 0.20% 0.18% 0.07% 0.22% 0.08% 0.19% 0.34% 0.06% 0.14% 0.13% 0.15% 0.12% 0.00% 0.37% 0.07% 0.00% 
57
40505
0.14%
Democrat Turnout
Republican Turnout
Green-Rainbow Turnout
Libertarian Turnout
Total Turnout
Total Registered Voters
Percentage 
1213
142
1
4
1360
2953
46% 
1374
196
0
4
1574
3480
45% 
988
111
2
5
1106
2562
43% 
1225
138
0
5
1368
2838
48% 
1086
157
1
2
1246
2811
44% 
1095
155
2
6
1258
2779
45% 
1068
142
0
2
1212
2657
46% 
983
123
1
5
1112
2628
42% 
631
92
2
7
732
2076
35% 
529
58
0
1
588
1792
33% 
1208
184
2
4
1398
2960
47% 
491
52
2
2
547
1529
36% 
650
66
1
3
720
2011
36% 
428
41
0
2
471
1673
28% 
502
50
2
0
554
1689
33% 
231
22
1
4
258
1076
24% 
187
10
1
1
199
1349
15% 
379
60
0
0
439
1642
27%
Winners are indicated in bold italics
A True Copy Attest: Lisa A. Ferguson City Clerk 
14268
1799
18
57
16142
40505
40%
