State Election Official Results - November 3, 2020
Candidate
President/Vice President
Blanks
Biden and Harris
Hawkins and Walker
Jorgensen and Cohen
Trump and Pence
Write-Ins
Senator in Congress
Blanks
Edward Markey
Kevin J. O'Connor
Write-ins
Shiva Ayyadurai
Rep. in Congress
Blanks
Katherine M. Clark
Caroline Colarusso
Write-ins
Councilor
Blanks
Robert L. Jubinville
Write-ins
Senator in General Court
Blanks
Karen E. Spilka
Write-ins
Rep. in General Court
Blanks
Maria Duaime Robinson
Jack Patrick Lewis
Carmine Lawrence Gentile
Ingrid I. Centurion
Write-ins
Register of Probate
Blanks
Tara E. DeCristofaro
Write-ins 
1  2  3  4  5  6  7  8  9  10  11  12  13  14  15  16  17  18
10  11  10  10  16  19  12  13  10  3  22  8  9  13  6  1  5  9
1793 2170 1588 1882 1684 1656 1619 1594 1153 999 1859 849 1131 857 918 517 567 786
10  12  7  9  17  8  10  10  8  6  14  3  11  10  8  1  3  3
26  55  29  26  28  36  25  22  19  16  34  9  17  16  9  6  3  15
668 720 503 572 623 614 525 471 385 270 608 279 368 240 292 171 131 272
12  16  14  11  11  19  15  6  10  4  15  13  3  9  6  3  3  3 
Total
187
23622
150
391
7712
173
50  64  32  44  45  42  49  24  28  18  35  19  30  27  29  24  15  23
1791 2127 1597 1834 1668 1649 1563 1588 1156 998 1815 852 1148 885 939 531 601 825
661 770 516 611 648 645 585 480 393 275 671 278 348 223 263 137 95 234
3  2  2  10  2  14  0  6  0  0  7  3  1  1  2  5  0  2
14  21  4  11  16  2  9  18  8  7  24  9  12  9  6  2  1  4 
598
23567
7833
60
177
93 114 78  80  75  80  82  61  63  39  88  42  57  43  50  36  20  33
1743 2104 1574 1818 1646 1635 1561 1580 1150 985 1815 822 1129 875 919 514 586 810
681 762 496 612 652 636 562 470 372 274 646 292 352 226 268 148 105 240
243061150035112115 
1134
23266
7794
41
633 723 463 654 576 570 541 449 352 242 667 253 337 227 244 121 88 188
1850 2216 1644 1820 1764 1736 1631 1641 1208 1034 1854 877 1168 899 975 561 614 871
36  45  44  36  39  46  34  26  25  22  31  31  34  19  20  17  10  29 
7328
24363
544
534 623 378 538 478 482 443 379 307 208 551 219 293 192 205 113 74 168
1949 2321 1737 1940 1866 1822 1722 1710 1249 1066 1972 910 1210 934 1016 569 633 897
36  40  36  32  35  48  41  27  29  24  29  32  36  19  18  17  5  23 
6185
25523
527
583 676 110 588 528 523 483 384 341 228 611 242 308 212 232 114 76 181
1896 2268  1884 1812 1790 1688  1222 1047 1911 889  990
1703  1201 915  569 628 888
1469
568
40  40  4  38  39  39  35  29  22  23  30  30  30  18  17  16  8  19 
6420
17397
5904
1469
568
477
892 998 726 892 812 822 813 671 535 375 954 381 527 391 395 205 193 364
1599 1956 1397 1591 1544 1495 1366 1423 1031 901 1574 758 989 741 825 480 512 708
28  30  28  27  23  35  27  22  19  22  24  22  23  13  19  14  7  16 
10946
20890
399
Page 2
State Election Official Results - November 3, 2020
Candidate 1  2  3  4  5  6  7  8  9  10  11  12  13  14  15  16  17  18  Total
Question 1 Right to Repair
Blanks
Yes
No 
102 85  87  70  61  77  96  91  70  57 107 45  76  72  81  58  49  52
1857 2216 1556 1877 1807 1712 1602 1516 1103 892 1878 840 1107 794 872 477 437 749
560 683 508 563 511 563 508 509 412 349 567 276 356 279 286 164 226 287 
1336
23292
7607
Question 2 Rank Choice Voting
Blanks  119 73 100 77  75  82  84  95  79  58  93  41  91  72  86  53  64  60
Yes  1123 1446 980 1210 1115 1023 1048 991 752 677 1171 595 774 608 592 377 378 525
No  1277 1465 1071 1223 1189 1247 1074 1030 754 563 1288 525 674 465 561 269 270 503
Question 3 Community Preservation Act
Blanks  116 114 116 88  88 117 114 113 93  82 125 62 118 91  97  60  69  72
Yes  1518 1734 1290 1495 1341 1310 1291 1288 881 830 1439 702 913 732 743 441 475 659
No  885 1136 745 927 950 925 801 715 611 386 988 397 508 322 399 198 168 357 
1402
15385
15448
1735
19082
11418
Total Turnout
Total Registered Voters
Percentage 
2519
3042
83% 
2984
3564
84% 
2151
2617
82% 
2510
2889
87% 
2379
2871
83% 
2352
2860
82% 
2206
2710
81% 
2116
2674
79% 
1585
2169
73% 
1298
1887
69% 
2552
3029
84% 
1161
1558
75% 
1539
2102
73% 
1145
1753
65% 
1239
1753
71% 
699
1102
63% 
712
1409
51% 
1088
1689
64% 
32235
41678
77.34%
Winners are indicated in bold italics
A True Copy Attest: Lisa A. Ferguson City Clerk
